[app/install/install_source_checksum]
version = 9.1.1
modtime = 1695223562.527036000

[macros/nextDNS_index]
version = 9.1.1
modtime = 1695225562.814016000
